$ANSIBLE_VAULT;1.1;AES256
31313032313532326464356233343165373534353136643639366335333735343834373736653937
6566393237336333666138303364323464366464393939610a336235313564383536623432653430
66363162333233323630366562666634313236643434643862666563653731356532363431353134
6561363136353733640a626533323530363030373961396533653164653130363634623930393034
36386635313734383864666466623437376665346437393134383466343761366638633235656464
61623136396562396630636632343334643965383035663838313466663136633161363165656664
37303062333437633537323433393833316130633438643132643364636665663461316135616161
35636438363066353965636635323739383064386332386238393865336434613333343438393465
61646634376163653734323138613233323765633133346531316265306539353535313133366364
36643661373132616339613263363630643163376232346662346265373736363835613133346163
30373038323234633238313031303835386536336136393466373032626662396633383830306465
31646135373638323932626634623761383834343566386464306335646433666362363263306531
31316165663061626133663865396530353966626532346237656261346665356137366263326234
35623932356561316335386435306334393363613765383865333830303236666461333738646264
66636135353132666664623030653936313731656363303930376636383736643161343639343565
33313139313861653530346533623133643062346565376364613739383861376366313337303137
38336663303330653934313534313539353433663364613366323035346438303434366431356230
32386232373234313839646330326561396639363134313933386466373061643136303731356466
61386564656631623233356263656535303937616664336363306463326161373732633933336436
35373365333032393337663730353436623331363066386464356230663830376435633035373863
35366566616261366336643932383466333139363363646630663566353132653136666561386131
63656463323861636661663738343162313265663233653137383233613066363931313561613865
61346432656237353634363734343865376635366435393531306261656636333364626232656236
61363364636632656631623739623133383166643734613532626636353135386266303463383337
32363038663965363665663930636133333035356133383736323933313333633638383163623739
35666330313637623066393630313463306534653061313536616538663162636465333362356562
36396263616465376466353766366564316136336635623565303130326664383332356235396334
62396163653035326537363930393265363266373363383130336236643839663733356664323764
62356461353234636565323038396634666531323131333736326166613061316530
