$ANSIBLE_VAULT;1.1;AES256
36333661623962366639326638323232626531623739646536623861393264616437366539653135
3637303265363134366334313037626430333035366434390a633431346234343236336536343261
65353633386333373436383931663639383065356435646339643533306633383662373335666133
3738383061643365610a353664643832323166626338373765666436336666396563636634356430
35643138636635336139306232313937333138333561666139336332666362353664346264613639
33343065333262623066666663626338663635303461623664646537313866636465613039306663
63313663356565613162316337366262653539393061386332613263663062396538373065383766
31663138313961663631373339326232626239633036353034363632356430393562643966336637
65633561303038616534353933613633323931326361613931363766343438653835363631316235
36666361623532343633343161376364646235663866633639303662386235313161663638336665
34396431393836356461366532323065383330373038323535303337616163366534313332623062
37353137336663646133383661663365616230643939626361643763353965343235626665353239
38616232646533653131393839346364653032623633623331636164663635326331386264343264
66633534613730373030393530623231633139636430323964303862646235346531383661653830
65653462333361623561343565393662663164303961353836363631643265663461376464326366
30616431313439326362356263333761323563383834366165393333633762363462636464663537
30633636343631633065306332393837363836376265313936393961633832636163353563623739
39616566343334343462643436656362343663313162336262373166613965386266306238646534
37363265353430356330613963383931613336623436643830373665326238653237353832306330
38623838343664623564333631396565386465613434393031666266343265653866393666386632
35623964663064326435323935626365363132653131316434356136386333333536346633313636
38393633326639666464336236666161333931646161613935396463346132383336393736656536
34326566336263663535343563313665366538396635306362386465393437353735363932316630
66363339343633343263393064666364633737373330313637393165396339323362373137316362
62663535316231376439386433633065653061653162343733643661313864333033
